[[4.5108318e-02 9.9200714e-01 7.0381463e-03 ... 5.2096844e-03
  7.8678131e-06 1.5060037e-02]
 [4.2741835e-02 9.9361336e-01 6.8790913e-03 ... 3.9761066e-03
  5.2750111e-06 1.3300419e-02]
 [4.3708295e-02 9.9316847e-01 7.3154271e-03 ... 4.2743981e-03
  7.8082085e-06 1.4176816e-02]
 ...
 [4.4780374e-02 9.9336976e-01 8.0890656e-03 ... 4.0399432e-03
  8.4042549e-06 1.4313102e-02]
 [4.5479923e-02 9.9285084e-01 7.9571307e-03 ... 4.4220984e-03
  8.6128712e-06 1.4761150e-02]
 [4.5479923e-02 9.9285084e-01 7.9571307e-03 ... 4.4220984e-03
  8.6128712e-06 1.4761150e-02]]
